88 193 214 323 299 239 430 107 345
89 251 177 412 281 311 442 150 337
112 188 25 516 205 332 536 3 348
113 255 44 580 223 398 548 69 362
114 264 47 583 241 387 560 65 360
116 263 64 542 310 290 594 9 339
90 251 120 443 244 321 439 128 316
117 9 306 276 46 542 307 276 575
91 311 100 535 249 391 481 164 334
118 14 309 285 49 553 313 283 582
92 334 85 583 251 418 509 163 346
119 290 8 586 300 292 598 0 299
93 341 15 595 190 428 449 170 280
94 330 1 590 175 418 445 152 272
95 265 1 535 181 360 459 82 281
97 188 27 454 204 288 479 12 309
10 338 18 550 194 400 415 176 241
98 207 81 480 260 309 535 32 365
11 193 16 422 170 277 403 36 244
99 226 135 491 305 323 576 50 408
17 431 249 557 277 531 402 405 377
19 419 72 546 92 530 216 404 198
120 267 1 599 252 349 591 4 330
0 229 248 482 194 531 448 282 509
1 251 254 511 203 555 465 299 521
3 86 235 339 191 382 442 132 492
126 124 49 546 74 527 499 95 475
6 216 288 445 156 565 391 345 532
128 10 32 427 33 426 451 1 449
7 189 312 405 150 558 370 351 536
8 214 354 415 166 589 374 397 564
129 37 40 456 42 456 461 30 457
21 134 102 264 113 253 242 123 230
22 71 99 205 113 194 244 60 232
23 84 206 217 219 206 348 74 337
24 103 310 234 323 223 452 90 441
25 132 372 261 382 249 511 120 501
26 125 364 255 375 245 505 113 494
27 185 369 315 380 303 509 174 500
28 239 380 367 390 355 521 224 509
29 299 385 426 399 413 527 286 515
130 134 46 549 50 550 464 129 459
131 145 33 555 40 553 450 136 443
132 164 109 572 120 565 532 151 520
133 159 159 564 169 557 580 145 569
134 112 133 516 141 514 550 102 538
135 46 122 452 122 451 532 37 529
136 32 134 436 134 437 547 27 545
138 30 94 505 96 510 570 32 569
139 57 83 527 86 529 555 55 553
30 355 379 481 393 468 520 342 506
31 369 350 494 364 480 489 355 476
32 383 259 506 275 493 399 371 384
34 235 20 568 42 562 375 222 358
35 247 25 579 50 568 380 229 359
38 273 37 576 166 456 471 144 340
39 333 55 599 215 448 485 172 323
140 65 44 530 49 532 511 60 508
141 75 26 538 30 540 492 70 489
142 75 32 539 36 539 498 69 493
143 39 30 502 31 505 493 37 491
144 35 31 497 32 500 490 33 489
145 40 58 499 60 500 518 35 515
146 42 101 504 106 501 567 35 560
147 34 101 493 103 493 563 30 558
149 130 76 570 138 509 578 67 513
40 294 40 553 200 391 457 127 290
41 233 50 486 206 324 458 67 295
42 209 56 461 213 300 466 43 299
43 217 87 463 248 301 496 46 327
44 218 131 465 293 301 544 47 373
45 225 169 472 330 309 583 55 412
46 276 163 521 324 364 572 111 404
47 324 164 569 324 413 572 161 403
48 342 132 582 305 412 543 167 363
49 331 71 549 266 351 485 129 278
150 169 41 579 153 471 564 55 448
153 210 23 580 202 413 574 28 392
159 69 122 506 108 524 548 70 562
50 116 273 338 87 534 303 316 500
51 154 289 390 134 555 368 320 532
52 98 247 351 103 507 350 256 506
53 90 245 343 104 499 350 249 505
54 99 298 324 131 503 354 281 531
55 81 340 290 163 480 366 277 556
56 83 369 83 369 83 369 284 577
57 79 324 277 154 463 346 273 531
58 80 316 276 153 450 347 262 519
59 79 318 271 158 442 351 258 521
160 24 113 453 102 470 530 27 543
161 58 95 476 95 485 512 53 514
162 43 59 456 67 459 477 31 473
163 40 45 450 52 455 458 30 456
164 123 51 525 64 531 462 113 456
165 160 65 555 76 563 471 152 463
166 166 94 561 107 565 505 154 496
167 167 127 565 140 569 541 156 531
168 167 150 565 164 567 565 155 557
169 128 162 534 174 535 581 117 576
60 117 351 324 188 492 395 293 565
61 67 396 275 219 454 421 257 599
62 128 365 332 189 511 394 312 574
63 117 316 322 145 495 346 298 525
64 90 268 297 93 475 298 274 477
65 53 253 255 81 432 280 236 456
66 40 253 237 85 410 278 220 453
67 64 286 267 124 436 324 240 494
68 90 316 302 143 478 353 270 532
69 75 355 291 176 468 390 259 575
170 79 163 467 173 469 562 65 557
171 68 163 465 170 472 568 62 568
172 75 140 504 151 511 582 65 579
173 35 110 494 118 502 575 26 576
174 22 67 473 71 490 517 21 525
175 58 72 500 79 512 519 52 523
176 90 74 528 81 542 516 86 519
177 128 94 554 105 565 531 121 529
178 120 127 542 136 552 558 113 559
179 115 155 539 165 543 593 102 589
70 132 373 340 202 513 408 314 586
71 146 328 341 171 509 363 320 532
79 120 86 518 101 518 497 110 490
181 149 69 559 187 446 599 17 473
182 154 42 551 180 416 584 1 432
185 253 10 596 224 388 570 26 341
100 184 140 453 314 285 587 9 421
101 184 105 451 277 283 547 6 383
102 277 157 554 320 400 598 115 457
103 301 142 568 289 429 567 152 430
104 229 136 485 271 358 535 95 407
105 264 162 490 282 380 518 146 403
106 253 156 457 262 359 473 152 369
81 9 84 408 94 408 487 1 482
82 27 135 426 149 427 544 15 540
83 66 158 456 177 454 575 48 567
85 202 81 557 208 436 567 78 445
87 217 283 329 356 256 469 144 396
