1462 23 127 397 133 463 508 88 501
1461 41 139 351 140 370 450 59 449
1460 225 100 358 124 329 258 196 234
1459 78 312 273 168 371 328 176 473
1458 145 62 516 238 424 585 53 410
1457 40 205 279 73 334 279 95 410
1456 292 158 452 234 357 402 197 326
1455 174 259 447 252 495 525 222 533
1454 100 320 278 388 260 553 83 485
1453 86 202 333 18 506 256 258 440
1452 131 254 410 201 452 476 173 530
1473 198 219 477 303 401 581 121 497
1472 226 17 509 206 319 490 36 301
1471 361 28 463 126 344 250 242 152
1470 257 68 579 260 405 575 83 383
0 176 23 587 156 499 550 88 417
1 88 249 161 193 239 283 165 339
1469 229 87 473 250 294 504 49 341
2 158 156 286 275 171 398 44 279
1468 60 182 229 100 365 299 196 380
3 226 368 397 373 434 549 263 545
1467 43 177 214 177 189 349 18 349
4 169 11 460 77 369 372 78 306
1466 96 302 400 91 532 350 228 562
5 96 244 331 91 479 321 244 475
1465 241 169 474 301 374 517 141 385
6 366 132 366 132 366 132 458 262
1464 8 166 82 121 157 216 83 261
7 57 151 346 11 430 274 141 414
1463 37 165 322 33 468 327 182 460
8 172 170 508 63 535 388 199 495
9 133 185 463 118 436 446 106 513
1000 107 171 445 103 451 435 113 502
1484 419 99 507 132 461 227 372 195
1483 25 360 225 196 388 395 187 559
1482 191 79 527 285 376 587 40 380
1481 58 101 371 17 529 356 216 439
1480 104 314 104 314 104 314 325 544
1479 357 36 464 77 431 181 324 139
1478 88 240 88 240 88 240 265 419
1477 196 332 398 267 521 498 319 563
1476 40 132 419 71 559 470 179 530
1475 215 70 428 222 264 443 51 291
1474 178 338 359 383 271 577 90 533
1011 151 333 352 369 332 567 130 531
1495 15 174 167 154 222 313 70 332
1010 154 294 384 109 547 320 316 505
1494 131 289 353 142 472 346 250 493
1493 357 144 444 207 355 314 268 252
1492 278 81 383 128 335 233 230 186
1491 93 379 277 246 410 429 226 562
1490 209 169 357 307 179 492 30 355
1008 122 73 568 57 580 504 134 519
1007 53 9 440 93 399 469 12 385
1006 216 143 431 348 231 559 17 353
1005 334 183 515 134 590 321 409 370
1489 341 109 544 207 451 409 247 311
1004 51 99 313 36 410 306 149 368
1488 112 162 422 7 515 290 205 445
1003 313 23 525 101 471 306 259 227
1487 45 118 462 45 528 459 111 533
1002 334 253 485 127 581 251 430 377
1486 144 59 278 107 266 231 132 184
1001 211 26 550 163 375 514 37 377
1485 127 135 544 30 572 439 155 544
1009 343 110 575 159 497 400 264 352
1022 179 19 384 48 364 251 159 222
1021 168 146 305 195 273 326 136 277
1020 89 227 222 146 301 277 169 358
1019 74 427 159 367 227 460 142 519
1018 59 46 514 94 496 546 41 498
1017 35 204 196 91 325 262 163 375
1016 257 29 576 47 512 369 194 351
1015 224 75 591 172 566 528 199 431
1499 249 118 412 51 463 208 301 276
1014 159 72 307 111 246 263 98 224
1498 88 176 251 197 291 363 128 342
1013 115 157 457 64 580 414 239 507
1497 155 151 400 268 282 514 36 397
1012 230 151 548 126 478 449 161 474
1496 66 98 442 63 446 437 70 472
1033 92 412 286 229 425 380 231 563
1032 263 134 347 73 398 150 315 210
1031 212 394 310 299 388 381 290 476
1030 85 308 349 131 501 379 238 557
1029 34 19 541 24 535 531 28 526
1028 323 221 543 286 450 513 230 448
1027 54 274 139 196 226 288 140 366
1026 67 252 381 93 568 421 255 580
1025 310 255 577 280 570 546 302 521
600 67 142 494 27 448 440 21 555
1024 36 302 36 302 36 302 287 592
601 235 83 304 21 392 112 323 174
1023 244 83 550 223 320 579 14 440
602 106 29 477 142 437 497 66 384
603 296 82 515 119 553 336 334 299
604 220 250 334 351 245 452 131 352
605 273 148 408 121 424 252 290 279
606 50 58 413 43 440 404 78 420
607 260 51 386 162 282 281 155 170
608 93 180 399 80 509 389 202 489
609 92 293 188 331 148 427 52 389
1044 215 268 381 189 466 356 300 436
1043 58 157 459 72 567 475 166 560
1042 97 160 393 35 571 351 274 476
1041 116 85 260 85 270 228 126 228
1040 16 244 275 81 449 347 190 510
1039 235 43 578 256 430 560 88 347
1038 116 177 481 38 588 388 223 527
1037 143 383 376 171 552 377 319 589
610 167 77 401 206 287 433 53 304
1036 307 68 540 293 321 521 88 296
611 94 305 94 305 94 305 268 511
1035 48 232 163 285 133 390 18 337
612 330 123 540 233 362 488 152 378
1034 178 428 302 426 329 554 205 556
613 435 278 558 287 560 409 437 400
614 57 315 319 232 404 495 142 578
615 47 289 308 76 516 334 255 547
616 88 275 357 91 584 384 315 568
617 261 17 498 214 323 427 86 231
618 223 117 410 225 285 422 98 313
619 152 116 335 286 190 441 7 271
1055 7 351 151 296 226 449 82 504
1054 41 216 239 26 495 289 297 479
1053 239 73 399 92 382 251 222 232
1052 191 182 489 278 418 567 119 471
1051 136 130 420 40 589 354 304 444
1050 72 191 331 118 357 373 98 445
1049 173 179 476 202 450 506 147 483
620 141 190 141 190 141 190 209 260
1048 325 302 499 224 584 401 410 479
621 318 307 444 246 497 368 370 429
1047 120 363 346 301 386 518 160 581
622 196 90 555 196 394 571 34 464
1046 361 368 545 396 552 580 368 552
623 350 154 508 287 379 441 222 309
1045 235 15 488 47 447 300 193 268
624 211 48 490 296 287 539 8 290
625 62 269 411 51 561 363 212 581
626 169 214 365 229 356 424 160 408
627 56 44 523 69 500 535 34 510
628 337 262 530 372 446 549 253 439
629 350 293 460 345 396 459 286 407
1066 218 283 378 222 447 384 288 445
1065 71 135 408 34 521 374 184 475
1064 378 307 492 231 562 343 448 419
1063 202 107 488 303 309 576 23 380
1062 12 182 428 45 532 456 116 593
1061 131 40 285 63 273 216 119 193
1060 139 124 417 18 483 286 204 392
630 180 217 449 202 504 473 235 488
631 11 78 78 25 144 102 78 156
1059 5 118 322 46 409 366 93 438
632 196 158 455 229 374 490 116 419
1058 68 192 423 92 527 449 172 549
633 253 418 428 323 480 483 305 577
1057 258 102 400 193 306 337 164 245
634 64 211 275 62 483 314 272 462
1056 217 400 340 439 325 556 203 517
635 288 133 402 62 468 173 355 243
636 200 86 556 21 592 371 236 437
637 307 164 463 250 385 400 230 314
638 129 79 232 132 179 235 76 182
639 269 94 481 298 259 525 47 321
1077 125 30 590 58 550 522 85 495
1076 139 280 215 351 149 422 73 351
1075 243 119 491 209 378 469 130 379
1074 5 174 419 146 451 560 37 589
1073 150 133 234 192 176 276 92 217
1072 297 328 442 346 405 492 260 474
1071 149 323 149 323 149 323 244 419
1070 195 5 571 128 414 518 39 395
640 65 242 65 242 65 242 279 503
641 82 180 230 69 343 220 195 331
642 58 257 58 257 58 257 216 453
643 304 102 505 48 578 254 377 309
1069 243 92 348 35 406 141 301 197
644 363 122 461 136 433 239 335 225
1068 204 16 514 104 450 407 140 319
645 191 101 411 136 303 379 82 345
1067 59 182 468 78 541 475 132 579
646 135 150 342 194 247 414 40 370
647 101 136 328 138 271 370 44 368
648 183 133 398 43 439 242 224 332
649 126 129 361 234 244 473 9 368
1080 317 204 515 214 462 422 264 412
1088 123 24 473 178 358 507 9 352
1087 91 226 201 189 237 299 126 336
1086 109 50 474 100 390 476 25 426
1085 11 274 328 73 505 370 187 571
1084 94 276 347 284 412 545 158 537
1083 249 8 584 281 413 540 78 268
1082 296 88 586 237 430 533 139 384
1081 112 299 337 199 449 428 224 527
650 117 79 540 45 550 470 127 504
651 73 212 366 10 563 299 269 501
652 352 400 447 446 409 539 314 493
653 96 458 195 373 299 488 201 573
654 153 232 364 37 590 270 379 466
655 44 264 168 202 222 324 98 386
1079 285 46 540 214 441 432 187 264
656 205 224 473 352 412 591 143 464
1078 240 179 495 132 545 386 291 433
657 72 320 200 341 190 467 62 447
658 191 8 563 127 400 516 28 397
659 71 198 365 33 543 336 249 501
1091 210 91 537 162 381 511 54 439
1090 113 47 555 131 477 572 34 488
1099 123 172 255 110 310 237 179 299
1098 99 216 366 103 573 418 306 531
1097 417 191 531 228 487 346 373 309
1096 414 5 573 30 541 192 382 166
1095 310 36 387 89 330 168 253 115
1094 243 166 379 43 521 193 385 315
1093 54 296 358 58 567 335 262 573
1092 256 208 456 348 314 549 115 408
660 14 274 317 195 442 515 139 594
661 193 120 308 50 358 154 243 225
662 73 237 367 188 353 478 58 527
663 254 41 567 243 389 543 75 342
664 162 17 560 152 430 549 32 414
665 88 215 388 190 423 489 123 514
666 312 36 492 210 306 403 126 229
667 29 284 293 174 415 441 151 551
1089 301 109 444 249 312 385 169 245
668 249 105 568 221 479 530 160 415
669 58 166 444 202 413 589 27 553
670 113 375 191 424 134 505 56 456
671 104 227 414 16 577 301 266 512
672 161 103 377 222 306 417 89 298
673 96 8 536 97 497 536 57 446
674 238 64 572 197 356 567 22 433
675 135 74 593 121 540 579 82 532
676 84 139 430 26 587 387 241 500
677 230 239 560 233 461 581 131 587
678 157 349 389 156 546 358 314 551
679 179 197 341 140 392 299 230 356
680 194 110 495 301 375 562 74 371
681 340 53 592 302 311 592 59 342
682 273 56 530 278 277 562 20 341
683 384 383 531 389 523 537 376 532
200 192 46 540 127 389 494 41 413
684 307 364 422 419 383 526 268 471
201 19 170 270 143 287 392 36 419
685 243 149 450 310 312 496 105 335
202 137 46 534 176 414 569 17 439
686 176 99 359 151 328 326 145 274
203 38 21 573 6 571 539 36 553
687 24 179 404 119 469 501 89 561
204 377 140 569 173 581 365 390 331
688 190 260 367 107 488 258 312 411
205 196 83 286 163 234 231 143 151
689 6 150 395 42 548 442 160 549
206 295 246 434 376 334 487 195 358
207 51 223 362 141 464 460 154 543
208 143 15 470 122 336 457 9 349
209 309 161 561 280 391 558 139 439
690 211 35 372 145 266 305 105 195
691 102 367 256 431 192 586 38 522
692 342 113 534 101 523 292 331 303
693 150 206 357 308 229 527 23 425
210 113 78 588 76 528 551 52 553
694 187 7 545 173 419 517 62 351
211 499 213 585 275 508 369 422 307
695 128 223 343 365 234 562 18 420
212 273 293 407 192 488 312 354 413
696 120 88 505 201 474 572 88 460
213 169 45 464 215 356 473 60 304
697 95 7 570 12 550 490 75 485
214 67 33 512 135 451 571 6 469
698 333 134 520 250 392 445 205 329
215 101 254 360 187 466 458 207 525
699 233 21 431 92 371 283 174 212
216 205 319 514 148 587 413 278 584
217 45 212 433 97 474 472 86 586
218 205 124 347 154 277 308 135 278
219 122 199 423 38 587 341 286 501
220 280 432 421 394 451 532 310 570
221 225 113 568 53 587 396 244 457
222 77 231 231 85 363 225 209 372
223 26 214 399 58 568 437 194 594
224 155 170 400 235 279 501 34 437
225 181 220 496 180 585 500 270 541
226 367 31 471 68 446 168 342 131
227 230 79 358 32 415 165 287 212
228 193 337 396 245 479 441 276 534
229 357 309 517 415 403 581 242 474
230 96 382 204 330 247 434 139 485
231 39 348 39 348 39 348 101 418
232 55 278 228 260 230 431 56 449
233 70 14 506 20 593 458 158 452
234 59 108 352 120 304 417 12 405
235 109 187 291 37 399 187 217 336
236 390 42 478 8 540 109 452 143
237 102 208 244 115 316 244 174 337
238 101 232 186 189 260 291 175 335
239 373 298 592 286 540 509 321 521
1909 29 167 403 7 568 384 194 544
1908 128 162 365 316 251 536 14 381
240 129 297 334 351 254 562 49 509
241 160 214 342 305 244 492 61 401
242 330 158 527 53 594 228 397 334
243 99 61 345 22 431 283 184 323
244 198 122 358 77 348 230 189 276
245 19 214 254 99 328 313 94 427
246 278 75 553 217 411 492 136 350
247 330 280 484 167 589 315 435 428
248 168 329 306 222 433 380 296 487
249 50 261 183 251 217 389 85 400
1907 82 252 394 99 577 427 265 579
1906 229 128 442 320 226 557 14 364
1905 19 155 367 134 448 490 100 511
1904 232 173 565 232 460 582 127 523
1903 68 175 437 17 587 384 218 542
1902 157 102 387 270 257 470 27 302
1901 116 9 291 26 272 201 97 184
1900 201 380 344 288 405 413 262 505
1919 110 138 419 53 538 369 228 454
250 153 56 324 203 219 338 48 191
251 156 251 401 113 515 341 270 479
252 244 14 562 311 341 553 23 256
253 193 238 300 311 242 408 135 335
1910 280 190 520 277 362 546 122 459
254 52 27 190 39 203 175 66 163
255 184 207 294 283 240 381 129 305
256 113 94 227 52 253 160 139 203
257 190 312 453 191 544 441 281 562
258 117 39 393 38 453 325 178 326
259 16 135 277 16 341 259 80 379
1918 140 272 321 110 463 276 282 438
1917 155 189 478 124 473 440 150 506
1916 82 53 440 46 470 410 112 416
1915 181 8 377 104 295 295 100 200
1914 223 318 409 385 347 570 161 502
1913 188 18 556 175 427 533 59 376
1912 196 7 500 74 413 385 110 318
1911 164 164 308 26 417 141 273 280
260 381 379 493 417 460 527 348 489
261 360 73 469 53 469 161 360 181
262 193 137 472 341 313 587 35 383
263 206 160 366 113 360 266 200 313
264 264 280 401 170 533 326 396 437
1921 85 266 307 61 575 337 354 542
265 160 33 405 96 350 339 105 275
1920 351 131 585 197 516 432 282 366
266 142 67 331 127 303 305 114 245
267 324 45 567 265 303 558 59 338
268 234 119 346 79 375 185 264 225
269 50 166 463 100 581 519 168 586
1929 144 64 513 132 510 501 141 433
1928 314 47 565 198 479 420 228 269
1927 6 206 6 206 6 206 211 454
1926 190 99 447 106 433 363 176 356
1925 59 69 448 118 410 507 20 458
1924 231 54 339 131 274 231 166 154
1923 252 118 470 13 589 237 371 342
1922 94 287 235 234 278 372 136 425
270 246 249 516 262 550 528 281 515
271 71 217 383 146 407 450 95 521
272 292 143 422 247 266 421 137 317
273 55 55 266 71 245 282 35 266
274 206 51 443 123 350 365 113 293
275 108 83 425 36 446 349 129 396
1932 455 200 580 213 565 338 439 325
276 52 47 527 15 593 497 117 529
1931 93 319 342 287 391 541 142 573
277 198 365 198 365 198 365 368 550
1930 33 160 290 48 491 350 234 463
278 370 394 436 448 376 519 310 465
279 325 91 469 234 317 386 174 243
1939 344 26 546 78 478 284 276 232
1938 287 163 558 214 490 490 219 439
1937 170 271 271 310 211 423 110 384
1936 29 243 219 85 453 341 263 499
1935 124 295 403 291 319 585 41 589
1934 231 93 541 186 427 500 118 407
1933 149 481 257 441 281 543 173 583
280 177 253 312 312 273 440 138 381
281 179 141 284 50 359 140 254 231
282 304 198 410 283 312 402 206 317
283 43 329 227 172 379 354 195 510
284 201 121 534 15 586 332 253 438
285 230 325 432 271 479 472 277 526
286 178 263 410 352 348 576 116 487
1943 335 323 468 423 380 546 247 446
287 202 7 579 93 491 470 114 384
1942 223 72 367 15 422 159 278 215
288 344 66 588 276 328 569 84 358
1941 245 42 576 221 368 567 36 389
289 209 83 437 77 413 305 185 311
1940 223 267 411 379 284 574 96 462
1949 79 247 422 138 447 460 104 569
1948 264 153 506 377 313 586 70 362
1947 33 209 128 159 162 245 67 295
1946 32 347 181 290 210 433 62 490
1945 279 27 548 43 548 311 279 295
1944 73 182 467 73 446 451 53 560
290 51 237 333 106 469 391 186 522
291 133 90 270 81 314 225 177 234
292 486 287 586 314 548 416 448 390
293 61 299 253 118 482 356 291 536
294 260 330 368 373 330 479 221 436
295 380 232 512 362 384 492 252 362
296 58 284 174 262 196 378 80 400
297 72 162 259 12 386 182 199 332
1954 230 44 516 203 401 469 116 311
298 298 158 506 358 293 576 84 376
1953 260 63 527 323 292 560 25 299
299 146 121 274 217 162 358 35 262
1952 11 283 210 95 474 367 275 555
1951 172 104 279 164 212 275 106 214
1950 80 36 581 22 553 520 52 534
1959 309 50 571 301 313 570 50 319
1958 240 438 318 378 365 446 287 507
1957 89 218 219 174 285 315 155 359
1956 43 259 190 190 308 365 161 434
1955 252 264 416 248 456 416 293 433
1965 344 194 428 122 487 196 403 268
1964 100 119 514 22 571 424 156 521
1963 9 176 359 12 552 379 202 543
1962 361 13 580 231 270 541 51 323
1961 97 111 245 75 283 223 136 259
1960 236 206 580 163 511 509 167 552
1969 247 114 440 195 361 388 168 307
1968 308 158 568 240 447 511 188 429
1967 49 254 322 9 579 289 306 534
1966 156 116 502 197 514 532 168 452
1976 354 168 492 117 557 259 420 309
1975 182 37 368 145 254 333 69 226
1974 202 278 339 331 310 458 173 405
1973 8 54 391 65 426 451 43 440
1972 199 176 510 51 591 345 280 469
1971 269 25 520 237 277 516 26 303
1970 147 142 443 201 318 513 21 453
1979 112 406 254 431 269 570 127 545
1978 223 119 414 184 373 370 183 305
1977 340 9 541 104 442 306 242 211
1990 145 52 496 52 507 404 156 404
1503 78 15 327 134 292 353 43 234
1987 103 106 565 27 512 481 49 560
1502 64 141 454 188 433 578 43 531
1986 243 7 496 180 315 441 62 268
1501 129 103 276 36 340 181 194 249
1985 100 271 280 391 189 552 9 431
1500 194 209 313 253 234 386 115 342
1984 396 288 515 352 438 480 319 416
1983 213 267 295 237 346 327 264 358
1982 242 95 373 214 258 342 127 223
1981 367 385 518 397 513 547 363 534
1980 33 169 302 138 393 417 123 448
1509 264 136 541 329 436 553 159 360
1508 234 70 525 193 421 478 130 356
1507 118 159 454 93 588 444 253 510
1506 140 24 562 76 450 517 27 465
1505 363 14 528 36 528 197 363 176
1989 9 475 104 397 185 495 90 573
1504 62 273 265 298 277 500 74 475
1988 219 250 557 242 561 579 223 588
1514 106 311 411 146 523 424 218 590
1998 134 68 518 139 578 518 194 447
1513 422 525 506 463 543 530 458 592
1997 313 80 579 333 349 580 82 327
1512 133 56 453 170 391 480 71 367
1996 183 183 309 127 372 256 246 312
1511 178 170 464 327 351 586 65 429
1995 328 186 502 229 415 415 241 372
1510 45 78 488 36 475 476 33 518
1994 194 238 380 103 536 303 350 438
1993 169 247 384 84 532 287 317 451
1992 274 288 457 163 575 343 392 467
1991 130 112 252 232 130 358 7 238
1519 86 151 512 67 580 488 154 572
1518 44 183 300 87 461 374 205 470
1517 250 57 546 333 315 586 19 310
1516 11 222 367 82 465 430 109 570
1515 199 23 478 211 291 490 12 302
1999 231 145 539 163 562 472 254 454
1525 75 325 226 203 331 336 180 459
1524 123 101 440 117 449 434 131 418
1523 16 309 16 309 16 309 237 548
1522 373 148 469 200 437 288 341 236
1521 245 178 413 242 358 408 189 344
1520 165 82 486 75 455 398 134 405
1529 142 227 412 270 459 544 189 500
1528 313 188 503 355 352 533 162 366
1527 223 51 427 108 392 308 188 251
1526 230 278 430 367 322 576 122 487
1536 239 32 410 129 309 302 138 205
1535 175 34 382 152 310 340 104 223
1534 73 93 479 38 458 434 52 489
1533 156 197 363 319 309 494 103 371
1532 104 38 444 157 370 489 30 370
1531 41 213 179 160 262 314 123 367
1530 19 243 332 15 569 332 257 561
1539 109 140 428 11 523 318 203 447
1538 342 400 454 388 492 504 380 517
1537 10 186 254 80 342 318 98 424
1550 297 83 548 174 464 421 213 330
1547 123 179 438 271 353 584 38 492
1546 438 363 585 417 516 569 369 514
1545 282 200 522 180 550 420 310 440
1544 211 66 530 287 387 563 68 341
1543 257 489 340 468 390 562 307 583
1542 39 234 364 159 533 518 208 592
1541 37 182 392 118 515 486 160 550
1540 150 46 370 64 396 281 175 263
1549 356 122 489 96 556 241 423 267
1548 237 77 585 188 476 535 129 424
1561 365 262 556 272 524 464 333 454
1560 96 317 365 136 554 413 285 594
1558 269 320 451 240 510 413 328 493
1557 264 19 559 202 326 530 31 346
1556 212 265 448 75 580 266 344 456
1555 397 82 477 104 427 196 347 174
1554 257 27 472 215 221 484 7 296
1553 129 22 545 65 524 479 108 436
1552 168 262 373 64 571 270 365 468
1551 187 149 360 125 355 297 182 321
1559 87 12 290 70 253 265 50 207
1572 207 50 581 221 415 592 41 421
1571 39 12 322 15 365 296 82 293
1570 390 439 513 348 588 461 465 552
1569 76 120 325 180 314 418 65 357
1568 186 163 355 329 176 508 8 341
1567 33 121 247 78 257 289 44 333
1566 325 255 464 356 338 512 198 411
1565 8 304 188 135 338 296 158 465
1564 203 171 389 60 517 256 331 367
1563 228 232 461 135 548 362 316 459
1562 196 222 425 142 513 373 284 454
1583 258 423 400 367 451 508 309 564
1582 351 158 422 105 498 194 427 247
1581 239 282 431 151 504 307 312 438
1580 466 341 545 398 484 480 405 423
1579 33 242 324 134 454 437 163 545
1578 239 204 496 218 398 496 141 482
1577 119 161 350 215 262 459 31 405
1576 24 315 247 152 379 355 156 517
1575 137 161 446 16 585 320 277 465
1574 376 287 579 378 511 570 308 478
1573 295 231 459 177 528 348 364 402
1110 247 242 379 297 308 439 176 384
1594 233 169 554 277 531 586 209 478
1593 167 152 388 183 363 405 142 373
1592 129 119 288 127 300 284 141 276
1591 45 248 340 9 577 302 283 541
1590 403 323 529 350 480 482 354 455
1107 326 278 407 338 330 432 249 372
1106 274 298 522 308 500 557 252 547
1105 74 299 348 107 478 343 204 534
1589 187 327 447 119 577 320 317 528
1104 244 169 485 184 520 431 279 416
1588 43 276 194 146 301 283 150 412
1103 171 223 446 172 456 441 180 493
1587 133 62 262 111 219 238 90 189
1102 334 163 460 89 530 211 404 285
1586 195 10 471 173 317 445 41 282
1101 213 12 430 207 225 432 7 238
1585 135 169 417 201 383 483 101 451
1100 119 106 368 196 299 439 50 348
1584 231 30 564 156 463 480 131 355
1109 233 20 575 201 379 550 37 369
1108 9 203 362 81 477 433 124 555
1121 241 171 453 348 318 523 105 345
1120 174 33 544 184 376 565 6 415
1118 152 245 293 303 265 435 124 376
1117 205 201 533 194 501 523 172 530
1116 89 125 479 25 474 403 84 504
1115 175 121 433 109 481 368 223 380
1599 58 177 350 122 336 409 44 465
1114 245 225 593 219 531 575 183 581
1598 262 79 582 175 571 477 251 382
1113 245 150 560 199 548 508 233 458
1597 51 54 397 45 417 392 71 401
1112 158 241 445 201 450 484 163 524
1596 183 67 366 176 309 335 126 226
1111 274 339 471 204 576 384 378 519
1595 230 84 451 199 345 415 124 301
1119 127 155 465 70 549 407 212 492
1132 246 90 457 130 413 342 202 302
1131 159 305 328 364 277 532 108 473
1130 88 5 434 36 420 380 74 350
1129 304 305 468 335 429 500 265 470
1128 309 157 445 127 450 262 314 292
1127 198 168 357 227 314 379 155 320
1126 223 13 506 233 305 500 23 280
1125 479 255 583 321 508 431 403 366
1124 168 218 327 217 289 383 130 384
1123 364 296 585 354 583 567 363 508
700 281 279 456 406 363 558 188 431
1122 34 175 175 144 198 283 57 314
701 22 218 350 16 568 354 241 556
702 228 120 486 318 266 592 7 393
703 192 100 460 270 331 517 63 346
704 10 178 302 240 308 531 15 469
705 152 256 152 256 152 256 226 328
706 283 29 495 165 334 392 123 255
707 193 97 330 71 327 208 190 233
708 41 52 219 25 251 203 73 230
709 24 335 169 333 182 478 36 480
1143 235 82 488 307 258 563 6 338
1142 118 17 572 66 586 512 133 463
1141 68 132 387 194 336 512 17 450
1140 159 117 359 135 319 335 120 317
1139 112 248 411 69 555 347 256 526
1138 109 189 279 183 283 353 113 359
1137 149 319 305 319 352 484 197 483
1136 97 343 266 243 336 392 166 492
1135 168 87 496 289 369 578 41 376
710 197 34 261 78 194 159 131 116
1134 150 238 466 120 576 435 261 552
711 42 80 290 5 312 246 64 321
1133 420 56 585 217 398 410 233 249
712 99 190 429 154 387 479 57 515
713 315 100 456 55 498 196 358 240
714 261 436 261 436 261 436 386 590
715 316 185 503 280 358 500 171 405
716 47 92 324 153 299 424 21 363
717 302 47 470 123 375 298 206 222
718 343 72 580 122 461 384 225 334
719 381 151 520 251 442 378 302 278
1154 426 348 531 433 464 521 360 436
1153 79 241 419 151 514 493 174 582
1152 77 41 500 37 500 460 77 465
1151 14 445 118 371 165 458 61 533
1150 71 56 557 51 584 534 98 540
1149 339 11 569 130 449 361 219 242
1148 425 16 576 126 439 301 289 191
1147 196 409 326 461 268 593 139 542
720 48 162 380 66 438 392 106 488
1146 106 266 193 205 250 290 163 351
721 277 107 425 113 420 261 271 255
1145 16 260 230 57 422 263 208 466
722 228 396 416 317 518 512 330 591
1144 43 84 403 123 370 484 9 444
723 263 258 486 277 449 506 225 486
724 194 89 522 265 374 577 45 401
725 76 382 226 257 381 432 231 557
726 174 80 361 129 261 339 74 290
727 146 145 421 231 409 497 134 411
728 23 272 343 37 558 341 239 576
729 98 458 226 446 269 582 141 594
1165 205 32 494 53 501 342 211 321
1164 383 224 589 382 437 585 231 427
1163 227 274 356 279 341 410 212 405
1162 40 234 272 65 430 290 198 460
1161 75 163 312 100 461 371 224 434
1160 252 335 388 318 417 456 280 474
1159 184 15 532 158 369 515 21 373
730 10 243 305 168 460 487 165 562
1158 343 307 528 404 429 590 244 494
731 33 157 415 24 565 414 183 547
1157 109 231 443 20 565 306 231 517
732 66 238 373 195 385 496 78 539
1156 253 10 582 193 432 505 103 322
733 74 279 206 299 190 431 58 411
1155 198 85 371 150 322 315 149 250
734 282 116 375 187 296 284 203 213
735 91 160 232 47 318 170 178 283
736 122 282 403 86 576 348 295 545
737 333 201 419 270 360 350 274 280
738 439 219 543 320 435 429 331 327
739 186 343 295 364 264 473 156 453
1176 205 158 397 34 516 222 324 346
1175 307 18 575 235 314 532 47 316
1174 320 64 530 180 426 383 216 267
1173 13 463 157 342 245 459 101 580
1172 131 145 460 44 491 355 161 456
1171 359 264 587 327 535 551 306 488
1170 254 129 426 96 469 270 297 302
740 131 201 235 106 340 217 236 312
741 282 93 517 58 514 288 279 323
1169 50 250 297 204 313 445 65 491
742 332 15 565 192 411 412 178 235
1168 98 276 379 63 563 318 281 531
743 134 300 401 225 533 516 266 591
1167 275 25 502 222 323 435 96 238
744 425 180 579 288 471 443 316 335
1166 136 208 257 130 326 245 204 324
745 357 331 477 241 551 349 431 439
746 128 154 463 74 569 416 235 496
747 297 18 453 141 266 353 110 230
748 362 469 486 423 500 538 376 585
749 273 343 445 221 539 379 367 500
1187 246 207 400 271 383 411 229 346
1186 311 286 414 214 489 320 386 392
1185 165 71 548 195 470 567 87 443
1184 33 189 337 123 478 448 173 514
1183 20 249 20 249 20 249 242 556
1182 30 178 307 133 361 411 84 456
1181 142 285 233 311 195 406 104 381
1180 153 92 432 29 409 306 130 369
750 310 307 403 266 455 365 361 407
751 279 121 513 83 544 318 310 356
752 320 15 563 190 396 429 153 254
753 95 202 353 11 542 268 283 459
1179 250 21 521 223 372 463 101 262
754 373 339 498 352 496 477 371 464
1178 141 464 231 427 281 524 191 560
755 413 309 480 249 538 314 471 374
1177 435 72 564 124 543 242 415 190
756 81 259 226 131 408 328 263 457
757 76 209 440 113 483 468 118 564
758 232 28 563 277 390 551 59 302
759 217 67 407 211 242 422 52 279
1190 177 315 324 390 292 519 144 444
1198 43 175 396 17 576 376 222 534
1197 129 185 380 155 364 401 113 432
1196 246 13 565 255 345 558 26 315
1195 36 249 359 124 433 431 110 556
1194 84 183 363 81 466 360 187 461
1193 258 49 471 245 345 395 132 198
1192 332 166 513 139 518 317 337 344
1191 312 104 574 336 405 551 144 319
760 200 259 466 131 580 392 314 520
761 144 141 238 99 299 203 205 245
762 125 333 329 161 531 393 326 565
763 162 60 508 182 355 538 9 416
764 360 22 574 130 438 359 223 251
765 169 131 395 33 510 267 285 365
1189 388 160 591 319 486 489 283 330
766 215 57 510 49 591 352 295 359
1188 136 178 476 135 588 486 248 530
767 288 92 537 282 309 554 60 364
768 245 354 370 258 494 405 369 501
769 459 130 570 175 541 280 430 236
770 210 333 391 215 577 446 396 564
771 214 40 544 299 345 581 15 321
772 317 215 406 273 363 353 274 296
773 341 128 506 194 472 351 307 285
774 194 93 349 11 477 191 322 273
775 106 108 452 247 395 564 49 425
776 237 33 452 222 253 447 37 258
777 218 174 375 280 258 445 101 339
1199 232 196 232 196 232 196 356 333
778 164 222 402 178 411 409 173 454
779 28 130 438 157 472 561 62 533
780 317 200 402 269 311 373 226 303
781 158 269 396 166 548 429 310 532
782 254 68 555 252 339 580 39 396
783 285 372 411 342 452 470 326 500
300 292 163 511 344 370 525 152 344
784 258 140 575 290 471 584 154 434
301 33 232 272 26 468 258 229 465
785 81 211 219 275 164 407 27 343
302 28 40 251 49 284 274 61 265
786 294 328 446 427 351 578 198 479
303 114 271 226 309 206 416 93 378
787 286 177 542 268 457 521 201 431
304 271 87 432 146 378 304 217 245
788 291 157 467 155 512 336 336 337
305 303 158 501 309 341 513 143 362
789 298 226 587 235 571 524 282 515
306 78 53 474 73 549 472 153 453
307 178 146 383 139 418 345 213 351
308 112 383 202 473 129 547 39 458
309 107 339 247 266 292 392 152 465
790 220 58 362 176 226 333 84 215
791 249 405 373 384 419 516 295 537
792 265 217 375 211 413 327 303 332
793 253 20 588 241 427 533 92 313
310 206 185 403 10 567 201 369 376
794 72 72 283 177 235 366 25 260
311 230 204 386 130 468 289 312 363
795 335 421 427 508 355 588 263 502
312 391 236 512 167 570 284 449 352
796 188 69 553 197 512 548 147 421
313 141 302 415 176 486 432 212 559
797 359 326 525 321 510 489 344 493
314 150 52 281 122 190 268 59 198
798 68 287 274 83 451 267 245 471
315 161 341 365 380 304 590 101 550
799 136 127 330 244 261 414 67 297
316 247 290 413 315 372 485 207 460
317 238 57 320 20 386 119 305 156
318 12 205 353 85 432 410 91 530
319 217 68 529 226 338 556 26 399
320 388 258 530 201 570 338 428 394
321 44 175 451 8 489 382 82 549
322 167 277 363 110 524 301 329 468
323 222 135 304 189 246 273 164 219
324 170 80 435 275 271 516 5 321
325 287 149 481 12 587 189 393 326
326 217 56 474 273 264 524 8 308
327 150 41 533 186 465 543 82 398
328 115 130 468 32 583 393 231 491
329 187 151 520 121 593 461 259 490
330 52 65 522 13 480 490 11 542
331 10 228 309 26 486 310 187 511
332 412 445 516 418 542 522 438 549
333 254 113 577 189 552 498 229 423
334 71 227 359 147 347 421 60 501
335 101 20 310 34 301 243 92 229
336 5 21 427 122 463 538 41 438
337 238 37 436 236 232 441 34 242
338 267 404 370 337 449 450 346 517
339 346 224 459 208 492 322 379 338
340 125 312 260 391 166 534 31 455
341 197 309 296 233 377 337 278 413
342 78 271 295 74 523 320 306 517
343 152 275 415 103 563 355 299 527
344 98 179 478 150 427 532 46 560
345 269 216 404 199 407 334 272 351
346 84 51 242 83 177 248 19 215
347 268 67 521 117 436 378 183 328
348 68 6 396 72 351 399 22 333
349 345 188 468 183 469 307 345 312
350 89 267 267 169 397 367 219 466
351 282 232 342 174 408 241 348 300
352 321 457 431 407 505 530 394 581
353 171 125 318 27 410 171 264 269
354 170 393 170 393 170 393 367 594
355 25 322 207 240 305 433 122 514
356 360 270 583 341 505 567 282 496
357 46 170 393 128 436 475 89 517
358 149 96 381 119 387 349 154 326
359 348 9 591 156 456 394 213 247
10 26 332 115 257 191 346 102 422
11 267 49 497 258 269 505 39 296
12 298 43 591 226 449 501 155 318
13 76 113 518 139 528 578 86 552
14 369 269 478 218 538 332 429 382
15 403 235 558 364 473 487 318 358
16 346 60 523 122 450 305 274 243
17 148 25 394 27 439 281 194 279
18 119 256 119 256 119 256 326 476
19 280 45 565 316 331 563 46 292
360 200 241 327 140 415 256 288 357
361 199 164 573 156 566 529 192 537
362 218 244 388 330 307 498 137 413
363 64 232 371 278 339 582 32 536
364 38 316 316 42 583 314 305 589
365 153 95 494 254 409 572 68 414
366 160 62 560 204 460 587 59 445
367 23 223 278 98 457 390 203 515
368 229 223 525 304 460 594 164 513
369 144 332 144 332 144 332 214 402
20 275 45 565 269 350 553 60 329
21 76 205 294 33 465 251 246 423
22 183 188 265 246 197 335 115 277
23 268 135 497 118 506 347 278 364
24 393 127 511 137 473 258 355 249
25 66 144 511 69 593 514 148 589
26 49 160 365 21 593 383 277 522
27 136 363 223 431 170 506 84 438
28 322 379 534 358 573 571 361 592
29 136 47 453 201 390 488 72 333
370 201 300 408 282 463 495 256 513
371 77 248 388 89 591 420 279 579
372 57 92 204 21 290 174 144 245
373 200 9 483 145 393 411 110 274
374 108 151 510 113 568 516 166 553
375 335 40 535 223 351 424 151 241
376 122 266 425 109 561 403 258 559
377 282 223 508 124 570 341 343 439
378 108 7 439 51 406 380 74 336
379 171 55 325 52 336 206 182 209
30 188 97 485 217 391 503 95 384
31 275 8 570 190 357 505 61 324
32 70 307 213 319 223 464 80 451
33 110 88 454 156 395 499 51 431
34 83 297 313 296 330 525 99 526
35 77 351 236 379 208 538 49 510
36 217 53 530 135 425 457 112 375
37 235 50 462 103 361 346 135 293
38 223 189 343 115 385 220 264 295
39 284 7 564 143 458 406 178 270
380 404 34 583 164 460 338 281 208
381 77 93 523 68 512 512 66 537
382 253 171 485 202 434 439 201 408
383 159 320 327 425 255 573 87 468
384 99 54 259 78 261 233 101 209
385 401 324 503 412 408 522 306 434
386 152 227 328 343 188 536 12 420
387 310 79 579 287 352 570 83 362
388 304 293 464 200 540 349 381 442
389 200 125 559 201 452 565 93 488
40 171 102 408 11 521 257 284 347
41 329 203 571 257 500 506 258 452
42 384 12 554 43 524 213 354 182
43 213 72 507 248 434 496 139 319
44 517 133 590 205 523 273 450 202
45 222 282 328 319 279 432 173 395
46 9 415 137 391 179 523 51 547
47 259 107 538 264 348 563 70 406
48 115 397 292 351 341 528 163 575
49 161 341 275 278 313 384 198 446
390 338 28 549 134 496 321 285 214
391 228 301 399 387 339 545 168 459
392 346 140 548 213 450 427 248 354
393 224 108 576 230 439 586 87 463
394 11 127 243 26 366 266 134 368
395 177 76 407 23 504 271 274 324
396 414 205 516 158 548 251 446 299
397 50 209 209 196 247 356 89 370
398 210 184 356 325 254 431 108 291
399 225 79 515 171 494 452 203 360
50 16 153 149 74 253 220 120 299
51 147 68 307 99 307 257 147 226
52 280 95 561 270 329 583 48 408
53 67 445 148 412 209 507 128 540
54 87 100 436 8 521 356 172 448
55 384 378 549 361 512 531 347 548
56 389 376 572 379 537 562 355 558
57 143 316 410 173 546 435 278 578
58 165 185 491 91 586 417 260 511
59 160 228 472 100 579 400 267 528
60 119 19 277 160 166 294 9 153
61 19 176 127 103 203 214 95 287
62 12 217 299 64 451 351 164 504
63 306 77 472 188 354 360 188 250
64 68 85 453 12 527 397 142 470
65 86 182 356 127 482 417 212 472
66 13 302 206 151 331 325 138 476
67 298 165 389 92 480 199 390 272
68 98 290 210 351 155 460 42 398
69 269 79 579 143 486 460 176 396
70 363 13 516 118 405 276 252 171
71 170 363 293 380 278 501 156 484
72 413 74 523 26 579 138 470 187
73 136 210 460 277 421 592 97 526
74 123 405 291 275 402 424 233 554
75 463 346 563 445 469 541 369 442
76 198 91 376 138 328 316 150 269
77 153 174 416 145 441 407 178 436
78 40 16 238 11 261 210 63 216
79 5 138 308 69 333 367 29 436
1602 246 339 411 275 425 428 261 493
1601 110 77 491 188 426 560 46 450
1600 123 102 245 80 266 202 143 224
80 196 54 399 54 409 255 207 255
81 276 84 531 196 423 450 168 337
1609 47 264 299 253 330 505 78 517
82 246 200 454 47 580 230 371 384
1608 314 374 457 270 579 427 435 531
83 137 308 266 304 269 434 140 438
1607 374 225 551 307 421 508 244 427
84 220 297 381 294 435 467 273 469
1606 211 77 542 232 382 565 51 409
85 172 61 574 66 543 467 142 462
1605 250 80 509 275 311 537 51 342
86 257 216 424 356 305 507 137 367
1604 396 48 513 64 473 185 356 170
87 112 296 242 333 218 461 88 424
1603 412 287 554 299 537 441 395 429
88 96 209 251 83 405 259 249 386
89 173 369 366 293 428 481 236 557
1613 404 271 513 202 589 315 480 384
1612 103 189 260 111 328 263 171 341
1611 116 470 243 389 315 511 188 592
1610 124 277 309 306 283 490 98 461
90 102 63 466 91 398 458 34 430
91 98 255 184 283 128 382 43 354
92 61 95 526 38 587 504 122 561
93 165 190 365 279 328 464 128 375
1619 15 92 468 132 551 585 98 546
94 178 142 527 114 548 464 199 491
1618 132 239 314 374 213 534 31 399
95 167 177 417 90 438 326 188 413
1617 313 385 476 434 445 593 281 544
96 251 128 519 312 324 585 56 401
1616 267 148 416 275 322 401 172 273
97 7 216 207 114 276 295 76 398
1615 87 51 547 133 505 586 45 503
98 329 120 561 28 586 244 355 336
1614 220 266 318 300 295 394 197 360
99 115 9 302 103 219 285 32 192
1624 301 68 551 239 354 511 104 340
1623 261 31 587 60 474 402 148 373
1622 13 116 193 60 265 249 86 304
1621 9 40 481 22 534 502 62 520
1620 206 370 329 350 357 476 234 496
1629 395 281 492 214 546 305 448 372
1628 89 163 274 125 357 327 171 365
1627 103 271 407 84 522 356 218 543
1626 172 64 487 176 444 480 128 368
1625 135 325 369 344 404 579 169 559
1635 281 147 517 66 565 292 329 372
1634 375 97 471 172 404 262 308 186
1633 257 78 496 315 270 544 32 308
1632 182 234 310 293 259 417 131 358
1631 166 74 390 234 236 453 12 293
1630 103 126 426 62 532 400 209 463
1639 165 170 398 368 245 559 12 360
1638 32 256 125 173 241 296 148 378
1637 105 284 216 200 304 314 193 398
1636 175 231 431 116 547 373 291 488
1646 295 31 572 261 315 564 38 334
1645 382 109 476 64 559 181 465 226
1644 161 66 485 181 359 512 34 397
1643 63 367 370 98 540 324 233 593
1642 132 439 231 487 182 586 84 538
1641 204 193 329 115 412 243 287 321
1640 125 108 327 180 275 379 73 307
1649 141 57 496 28 440 388 85 417
1648 289 23 497 194 308 415 100 245
1647 353 344 473 425 410 538 289 457
1660 328 161 490 161 541 333 379 334
1657 39 177 352 56 459 362 146 484
1656 15 70 501 91 562 572 76 551
1655 48 281 173 157 291 276 166 401
1654 276 235 387 194 431 306 320 347
1653 430 135 539 224 438 343 329 255
1652 55 264 284 54 556 336 327 546
1651 82 293 380 107 552 396 254 582
1650 18 175 247 5 393 213 164 383
1659 77 293 406 56 585 339 256 576
1658 54 298 206 313 213 464 61 449
1671 344 169 436 115 497 211 404 265
1670 15 368 248 222 352 434 119 581
1668 219 267 438 89 584 286 364 464
1667 15 69 359 46 502 415 158 437
1666 132 165 500 190 527 557 159 532
1665 155 287 332 233 435 433 259 486
1664 299 13 481 168 300 373 118 218
1663 153 65 524 150 498 508 127 424
1662 344 93 531 228 430 387 243 251
1661 295 168 475 107 546 292 366 353
1669 151 168 299 50 445 220 297 338
1682 225 133 350 65 416 188 292 257
1681 475 217 581 256 564 354 458 315
1680 262 93 498 274 275 541 39 360
1679 171 7 571 136 495 526 95 398
1678 42 275 300 338 284 589 26 526
1677 422 192 563 302 410 481 269 371
1676 329 91 457 166 358 313 230 238
1675 66 84 179 39 264 172 150 216
1674 327 299 531 280 501 485 296 504
1673 265 84 419 150 358 303 204 236
1672 210 10 441 150 317 370 85 230
1693 431 302 568 403 464 543 328 443
1692 202 139 475 299 311 574 38 414
1691 172 133 400 11 592 277 364 399
1690 106 283 386 169 514 454 234 568
1206 133 353 314 235 456 434 275 551
1205 47 51 320 75 371 350 98 326
1689 83 297 320 209 352 431 115 519
1204 85 324 270 288 279 468 94 504
1688 234 50 572 233 373 582 35 399
1203 81 18 516 55 475 491 39 454
1687 114 7 547 62 439 510 6 455
1202 130 211 362 336 264 553 32 428
1686 61 138 492 38 558 462 127 561
1201 52 285 274 239 321 461 99 507
1685 71 80 174 153 120 245 17 172
1200 170 143 437 67 556 351 288 428
1684 80 280 161 220 231 307 150 367
1683 205 178 443 68 557 309 318 419
1209 127 236 234 296 150 417 44 357
1208 203 33 410 229 244 403 37 208
1207 189 175 352 303 245 449 82 322
1220 229 53 583 108 535 461 181 406
1217 219 340 349 405 274 540 144 475
1216 29 79 121 54 178 159 86 184
1215 205 153 411 353 217 551 12 351
1699 149 386 258 286 356 393 247 493
1214 20 98 481 104 544 567 82 560
1698 34 29 490 27 493 484 37 485
1213 279 221 362 277 310 358 228 302
1697 79 287 217 195 324 343 186 435
1212 320 174 552 267 409 519 177 426
1696 229 89 394 18 471 185 306 257
1211 134 101 548 84 465 507 51 525
1695 236 82 586 278 449 594 99 398
1210 23 296 292 132 502 431 233 594
1694 111 311 348 355 380 593 143 550
1219 383 304 488 228 535 314 430 390
1218 186 365 186 365 186 365 360 544
1231 312 183 566 256 498 508 244 435
1230 288 297 525 158 580 359 344 497
1228 196 204 544 147 574 493 226 550
1227 125 22 272 5 290 152 143 169
1226 172 350 400 161 565 367 337 556
1225 231 88 590 186 440 568 81 471
1224 68 294 275 305 238 513 31 502
1223 296 210 408 313 310 421 198 318
1222 347 133 484 252 354 400 217 281
1221 21 276 299 110 514 419 236 585
800 47 44 564 19 535 533 17 558
801 332 158 499 227 433 393 266 323
802 27 74 473 106 561 564 116 532
803 346 110 581 263 389 531 154 378
804 111 174 529 165 519 581 101 589
805 378 85 509 75 504 207 373 216
806 305 64 560 257 420 476 166 283
807 41 198 349 67 532 405 223 535
1229 95 142 395 28 514 331 213 445
808 478 8 592 72 558 173 444 109
809 189 65 533 181 436 517 93 402
1242 375 168 589 364 436 548 221 352
1241 6 141 452 97 506 543 60 587
1240 393 70 520 63 545 191 417 198
1239 174 98 359 155 302 339 118 282
1238 75 231 387 48 542 343 230 526
1237 190 132 316 139 333 267 207 260
1236 134 167 383 185 388 432 140 414
1235 334 396 477 318 560 465 417 543
1234 178 262 417 293 335 547 96 516
1233 282 145 499 169 398 407 181 384
810 292 111 548 348 337 586 80 348
1232 229 105 464 230 264 515 29 390
811 239 192 511 130 485 397 213 459
812 86 210 202 111 345 267 229 365
813 123 250 356 64 538 294 305 480
814 26 225 302 232 302 507 27 500
815 88 203 88 203 88 203 264 397
816 360 196 580 330 493 530 273 396
817 184 341 289 411 219 516 114 446
818 277 258 489 369 361 589 149 479
819 256 190 458 135 563 356 360 411
1253 130 20 306 31 253 216 77 206
1252 40 251 302 29 571 329 310 550
1251 218 119 318 44 422 164 322 240
1250 224 38 576 144 387 532 34 425
1249 80 288 351 123 513 394 242 558
1248 344 93 437 128 389 225 296 191
1247 277 205 512 212 467 448 232 441
1246 241 117 560 123 487 448 167 442
1245 46 45 542 85 527 583 31 543
820 57 41 436 48 409 431 30 424
1244 101 25 439 174 361 484 23 334
821 116 443 216 365 270 449 170 527
1243 272 71 569 246 331 590 34 415
822 390 182 566 273 495 440 319 350
823 118 316 399 138 542 397 261 576
824 314 227 549 315 489 542 254 454
825 249 258 448 188 500 383 301 453
826 149 85 332 113 320 296 137 268
827 78 229 390 34 543 323 231 518
828 213 206 474 231 436 492 174 467
829 59 45 337 120 335 389 57 314
1264 41 94 192 147 160 291 9 238
1263 447 109 570 90 594 214 471 233
1262 64 241 401 18 558 313 221 535
1261 218 47 529 333 322 582 11 296
1260 223 449 339 395 376 501 261 555
1259 27 37 333 25 436 349 129 361
1258 18 270 302 60 560 374 276 585
1257 85 202 341 246 326 499 70 455
830 282 49 518 199 350 444 114 293
1256 65 295 247 174 317 328 136 449
831 317 104 395 42 478 136 400 198
1255 8 132 421 155 503 576 90 553
832 38 394 185 363 172 508 25 539
1254 67 265 427 53 568 376 208 589
833 331 22 455 9 444 133 320 147
834 269 22 429 136 296 309 135 195
835 315 155 528 146 517 362 304 372
836 104 199 416 277 354 586 42 508
837 121 186 373 297 269 545 17 433
838 126 43 544 192 494 590 76 441
839 136 175 402 64 537 337 271 449
1275 242 135 588 255 542 580 195 459
1274 344 148 587 356 405 580 161 371
1273 117 164 350 289 248 512 15 387
1272 409 120 561 256 464 375 312 239
1271 75 148 155 86 209 160 129 223
1270 408 147 543 205 503 333 368 274
1269 29 258 282 123 395 369 141 504
840 149 24 282 8 323 148 190 164
1268 125 236 278 165 318 306 165 377
841 168 125 582 152 545 566 131 538
1267 223 346 379 411 274 585 119 520
842 161 22 593 58 570 488 138 452
1266 11 164 420 69 553 493 144 587
843 286 15 542 146 387 411 132 281
1265 90 277 323 243 369 478 137 513
844 176 296 325 402 225 546 76 441
845 277 237 474 317 442 500 245 420
846 45 253 305 5 578 286 318 535
847 24 216 418 94 419 466 25 588
848 81 42 548 59 475 538 8 521
849 251 106 559 122 578 432 271 416
1286 222 43 431 132 381 329 173 240
1285 149 289 355 168 558 431 352 553
1284 135 59 501 198 447 540 81 401
1283 179 44 516 235 409 532 71 341
1282 68 208 346 25 573 331 295 514
1281 336 72 443 33 511 155 403 194
1280 294 54 498 244 305 450 101 260
850 83 266 279 198 326 385 130 454
851 90 104 337 238 259 459 12 324
1279 54 168 452 78 533 475 134 565
852 85 133 317 17 412 236 181 352
1278 64 13 475 27 465 439 53 424
853 101 172 497 129 588 530 192 572
1277 293 98 460 86 483 254 316 267
854 176 150 434 30 549 286 291 406
1276 137 87 439 101 405 405 103 391
855 182 158 182 158 182 158 324 312
856 21 155 245 65 379 306 156 397
857 141 276 358 95 514 290 297 471
858 212 176 357 316 178 501 33 361
859 216 302 439 364 447 581 223 519
1297 132 56 203 112 145 183 75 126
1296 44 236 327 75 564 411 281 572
1295 311 416 472 388 463 549 302 576
1294 79 105 537 72 484 528 26 561
1293 65 284 278 278 229 501 16 507
1292 126 82 561 105 536 539 101 517
1291 33 127 474 69 468 504 27 562
1290 38 357 157 364 185 487 65 480
860 330 85 508 75 477 255 299 264
861 134 209 493 214 429 575 70 570
862 318 197 441 311 328 433 205 319
863 62 195 245 41 400 225 217 379
1289 329 129 536 248 362 494 155 375
864 444 84 541 165 473 248 376 167
1288 99 356 281 206 425 382 243 532
865 207 231 516 258 560 568 251 541
1287 380 66 553 134 460 315 287 247
866 345 269 471 378 373 495 247 386
867 61 99 490 169 486 593 57 524
868 266 87 349 152 260 254 177 190
869 134 234 387 68 520 299 267 465
870 408 408 493 487 408 577 322 498
871 501 326 592 412 508 500 417 414
872 35 235 342 18 584 347 277 564
873 111 200 373 62 462 296 199 434
874 36 207 394 21 550 368 192 554
875 112 172 342 133 362 360 133 399
1299 27 401 130 351 157 446 54 496
876 58 293 266 182 432 428 224 539
1298 71 52 274 7 369 227 165 271
877 342 100 494 178 429 324 276 247
878 106 107 360 54 469 330 215 383
879 79 93 565 34 581 519 94 577
880 127 125 535 173 474 582 66 534
881 94 221 300 322 257 506 51 404
882 273 84 473 237 306 451 105 298
883 83 243 217 132 326 265 192 376
400 90 87 480 96 586 496 196 488
884 428 240 545 265 499 386 382 362
401 25 330 243 221 379 458 161 566
885 112 71 542 115 557 549 127 504
402 12 223 320 52 484 358 176 528
886 314 178 483 124 484 284 315 338
403 121 196 369 338 254 573 7 431
887 94 239 94 239 94 239 245 413
404 8 190 345 11 530 352 192 530
888 13 235 241 185 300 417 71 467
405 158 174 353 104 445 310 250 380
889 294 213 547 349 482 568 229 433
406 116 131 252 71 296 203 160 264
407 67 75 498 105 490 536 58 505
408 164 335 370 362 348 568 142 541
409 202 253 365 115 477 259 314 397
890 108 267 380 168 417 419 146 517
891 224 104 448 277 283 496 59 323
892 261 210 523 233 480 497 218 474
893 127 160 460 140 471 474 139 494
410 42 288 157 232 212 346 97 402
894 234 332 506 252 541 512 268 592
411 192 153 535 143 409 508 66 518
895 133 69 504 262 408 587 37 394
412 8 208 342 44 554 412 220 576
896 49 72 473 83 583 521 159 509
413 70 216 297 43 480 278 253 452
897 12 276 250 58 466 295 228 513
414 133 295 307 384 206 563 31 474
898 46 64 325 108 305 384 26 340
415 16 221 319 91 536 445 233 576
899 395 83 492 36 532 129 434 176
416 156 381 251 379 287 481 192 483
417 15 113 460 113 488 557 43 557
418 267 12 560 186 326 518 33 344
419 368 189 521 277 431 432 277 344
420 352 84 591 122 580 359 340 320
421 156 139 518 220 453 580 91 498
422 133 189 437 140 391 443 87 492
423 463 383 591 399 571 528 443 513
424 131 199 426 271 332 572 37 500
425 141 244 467 121 593 448 268 571
426 305 186 453 105 519 245 370 326
427 163 109 513 182 474 526 123 453
428 291 188 478 364 287 565 100 388
429 216 267 389 169 478 335 304 434
430 62 223 62 223 62 223 226 409
431 26 248 357 140 428 464 97 572
432 186 97 327 199 255 320 114 219
433 58 199 265 94 368 301 161 405
434 163 165 280 112 297 217 179 270
435 352 161 458 107 498 205 392 259
436 254 383 369 353 409 470 294 499
437 233 7 575 173 378 533 36 366
438 171 119 443 248 403 489 132 360
439 33 29 471 12 470 451 32 467
440 70 136 360 32 590 387 300 490
441 191 106 351 101 356 261 196 266
442 266 240 390 358 262 488 138 369
443 213 95 383 7 474 178 304 266
444 512 229 588 268 532 353 456 314
445 192 110 281 35 353 121 263 197
446 62 15 260 42 258 238 60 211
447 246 5 592 189 407 536 61 352
448 217 112 427 141 454 347 244 318
449 181 74 546 159 495 519 130 434
450 7 263 140 138 241 247 107 373
451 152 186 309 229 252 389 95 346
452 220 107 466 315 260 559 14 351
453 142 98 454 150 436 459 123 407
454 341 59 594 145 529 390 276 303
455 124 399 306 220 442 367 260 545
456 178 208 294 127 388 251 272 332
457 52 300 206 254 280 417 125 462
458 176 320 389 354 353 568 140 534
459 364 144 550 312 301 572 115 404
460 124 225 238 182 275 292 161 335
461 44 301 318 166 486 454 212 589
462 109 239 318 222 344 431 135 448
463 145 169 440 78 571 385 276 475
464 259 8 506 246 261 501 14 263
465 168 132 369 178 352 371 151 326
466 312 218 469 328 340 499 183 390
467 349 316 499 421 375 587 224 483
468 174 305 284 239 383 374 273 440
469 245 22 379 151 220 316 86 187
470 82 77 261 25 336 209 156 261
471 14 27 502 49 508 537 20 515
472 154 38 496 207 387 516 45 348
473 101 115 549 74 585 523 136 564
474 168 129 373 172 298 385 93 341
475 135 85 399 136 423 393 160 343
476 7 210 363 9 536 353 180 554
477 193 13 389 107 270 315 75 221
478 169 314 406 155 574 398 337 558
479 44 165 325 30 508 332 227 467
480 337 273 470 289 438 427 304 411
481 319 132 462 272 356 381 212 242
482 29 352 218 172 373 342 185 522
483 184 33 574 77 580 468 189 425
484 102 133 389 91 504 393 218 435
485 297 7 472 42 428 218 253 182
486 443 216 575 322 471 451 339 345
487 102 194 477 41 580 393 205 546
488 285 72 575 262 374 561 84 371
489 230 140 336 83 394 190 288 247
490 186 48 400 162 230 410 16 296
491 154 20 262 80 219 181 111 120
492 11 322 247 347 275 582 38 557
493 215 268 498 310 474 593 190 551
494 279 170 498 242 372 482 152 411
495 477 17 569 62 510 163 417 118
496 273 12 557 248 343 511 59 275
497 202 187 541 150 536 490 197 528
498 11 206 353 71 406 394 64 529
499 41 265 361 63 524 353 204 556
1701 203 47 425 137 274 393 52 303
1700 280 302 382 358 354 447 252 390
1709 98 94 516 52 518 469 99 511
1708 208 198 536 205 484 533 157 525
1707 124 192 230 140 254 236 148 288
1706 148 168 420 125 541 415 270 459
1705 145 325 316 160 502 349 331 514
1704 331 183 550 308 447 517 228 393
1703 198 209 346 232 290 389 142 366
1702 190 233 420 162 469 389 240 461
1712 154 218 307 181 375 347 221 383
1711 177 309 414 87 575 266 338 488
1710 399 217 558 214 579 373 419 377
1719 270 14 554 229 314 532 29 317
1718 120 465 252 352 327 454 194 568
1717 101 213 393 180 427 472 135 505
1716 160 43 399 231 258 441 19 253
1715 162 292 282 407 194 504 74 389
1714 155 234 334 142 448 331 269 423
1713 268 13 542 145 451 406 177 274
1723 144 88 500 124 404 485 49 449
1722 190 87 347 21 448 194 290 261
1721 322 154 497 274 427 418 252 298
1720 286 179 419 55 553 196 420 320
1729 275 137 531 288 405 532 149 381
1728 157 135 459 272 347 562 45 424
1727 124 93 337 162 299 364 87 295
1726 207 46 525 269 328 570 11 346
1725 367 33 527 168 379 342 219 208
1724 354 361 500 313 568 469 422 517
1734 119 111 258 28 349 172 210 255
1733 187 30 285 102 203 210 104 138
1732 165 81 487 134 420 457 98 405
1731 185 57 539 183 370 559 16 433
1730 97 220 288 254 257 444 66 410
1739 71 309 290 338 225 566 7 537
1738 115 273 350 132 449 345 214 485
1737 23 262 282 38 539 323 280 546
1736 71 12 416 99 458 435 113 349
1735 8 347 216 194 316 371 107 524
1745 418 264 545 218 562 337 435 383
1744 167 177 504 228 349 592 11 541
1743 50 104 331 25 320 298 40 377
1742 396 76 500 41 522 143 419 178
1741 45 356 172 349 184 477 57 484
1740 60 375 208 241 331 381 183 515
1749 294 52 505 174 336 421 125 299
1748 244 38 593 206 445 546 96 378
1747 218 83 467 309 311 501 62 275
1746 247 34 498 159 385 406 133 281
1756 140 77 591 128 542 579 92 528
1755 370 198 578 373 434 557 226 382
1754 34 262 309 112 516 428 240 578
1753 308 173 541 301 443 515 210 386
1752 123 260 408 147 523 433 238 546
1751 110 256 340 51 587 317 357 522
1750 419 169 544 245 485 359 359 283
1759 160 21 536 188 446 531 69 363
1758 234 123 565 233 449 566 118 456
1757 86 285 376 113 519 387 229 559
1770 118 369 317 260 457 479 258 589
1767 252 220 527 167 583 442 308 495
1766 222 217 429 412 269 592 61 397
1765 110 275 290 293 302 470 122 453
1764 136 256 136 256 136 256 347 477
1763 287 231 440 310 407 443 254 365
1762 43 270 341 115 539 439 241 593
1761 44 364 153 382 145 489 36 471
1760 146 104 554 137 465 548 58 516
1769 387 64 530 143 454 285 310 206
1768 260 211 389 115 490 247 361 344
1781 230 130 450 74 555 306 335 363
1780 81 354 302 240 414 460 193 574
1778 77 171 369 25 575 356 283 501
1777 168 247 362 300 346 489 153 436
1776 265 409 377 438 352 549 240 520
1775 78 72 411 11 488 345 156 407
1774 423 128 501 175 447 257 369 210
1773 186 23 509 57 410 387 87 353
1772 256 232 451 389 289 587 94 430
1771 99 14 313 120 231 326 17 219
1779 29 235 351 170 467 508 145 574
1792 66 40 194 83 134 216 7 173
1791 242 140 504 304 324 577 61 414
1790 155 164 357 201 362 395 160 358
1305 155 61 358 226 227 408 23 243
1789 417 353 572 393 482 565 327 525
1304 302 186 483 171 539 359 358 374
1788 188 230 288 292 220 394 120 332
1303 208 345 443 255 507 479 272 568
1787 269 25 541 34 570 304 298 294
1302 257 152 482 46 587 271 363 377
1786 216 82 482 249 374 487 108 320
1301 432 102 585 204 470 367 318 266
1785 250 408 413 412 426 575 263 571
1300 57 162 370 6 520 317 206 472
1784 57 81 424 35 446 399 80 446
1783 285 164 521 186 457 433 221 412
1782 279 53 402 29 413 151 290 176
1309 251 141 563 277 445 580 134 444
1308 159 427 262 463 214 572 111 535
1307 160 50 426 131 335 400 69 319
1306 111 207 270 105 381 269 222 371
1316 384 350 515 266 591 393 460 477
1315 17 192 403 39 478 407 92 560
1799 31 164 258 139 309 367 82 392
1314 310 126 525 283 361 502 146 344
1798 121 223 327 36 494 222 288 410
1313 146 251 378 266 376 498 145 483
1797 140 82 339 161 268 357 69 278
1312 216 25 558 98 463 448 121 375
1796 82 240 354 97 548 405 276 548
1311 122 218 346 336 303 530 79 413
1795 189 240 305 174 366 287 251 353
1310 203 63 415 192 286 403 74 274
1794 266 167 451 327 256 540 71 381
1793 83 224 340 64 566 363 310 523
1319 81 241 341 36 573 312 312 517
1318 257 109 490 26 529 251 296 334
1317 147 350 235 397 183 489 95 443
1330 91 45 244 74 215 227 62 197
1327 326 193 546 126 551 339 331 405
1326 272 118 532 351 352 560 91 327
1325 180 107 329 66 355 210 206 252
1324 130 247 301 158 418 347 247 436
1323 431 167 541 253 449 367 339 282
1322 124 153 456 160 523 501 192 494
1321 22 256 246 47 563 375 338 584
1320 353 229 528 312 431 494 256 412
900 29 119 301 129 356 410 83 400
901 247 246 374 297 291 438 164 386
902 83 290 237 343 185 497 30 444
903 41 165 382 43 536 401 195 524
904 331 339 331 339 331 339 421 432
905 178 102 552 165 457 547 83 483
1329 152 131 544 192 492 581 100 520
906 85 326 257 318 264 490 92 498
1328 34 27 522 20 560 514 72 522
907 119 42 581 103 559 567 97 507
908 370 152 502 257 423 372 291 266
909 27 139 450 32 542 454 119 561
1341 24 202 272 99 380 349 131 453
1340 267 144 584 235 484 555 167 464
1338 5 329 293 69 497 305 209 566
1337 340 96 585 318 357 569 112 347
1336 124 236 263 288 197 436 57 385
1335 259 422 388 335 491 476 363 563
1334 179 143 284 245 155 379 50 277
1333 247 134 343 44 436 144 340 233
1332 358 296 510 445 389 572 236 423
1331 123 322 317 186 441 375 247 510
910 130 51 293 15 338 180 175 215
911 180 67 487 168 383 477 76 376
912 250 158 411 251 348 392 188 299
913 234 417 348 498 297 591 183 510
914 146 329 232 246 307 325 221 408
915 324 143 479 48 554 192 399 287
916 8 163 418 71 516 482 106 575
917 164 104 448 29 527 315 242 390
1339 61 17 483 148 444 560 21 428
918 40 286 265 165 406 404 181 525
919 240 47 515 253 335 507 60 302
1352 167 262 371 110 532 320 328 472
1351 10 192 395 24 552 403 167 571
1350 231 113 501 361 307 576 37 328
1349 351 166 450 244 392 332 292 253
1348 116 61 519 141 481 537 78 457
1347 319 195 589 288 490 561 220 468
1346 135 347 338 372 307 576 103 551
1345 139 221 290 194 304 343 153 369
1344 461 183 584 246 511 372 388 309
1343 41 155 180 200 145 337 6 292
920 467 358 567 439 476 549 376 468
1342 56 312 283 192 385 410 158 531
921 45 264 381 65 528 379 192 579
922 390 432 483 499 422 587 329 520
923 270 273 386 287 373 402 257 389
924 192 134 453 102 511 366 249 399
925 257 211 468 328 351 539 140 422
926 134 89 465 8 530 333 198 414
927 250 374 400 384 394 533 244 523
928 94 38 495 116 408 520 7 442
929 230 125 532 231 500 515 198 408
1363 303 260 525 291 480 513 258 482
1362 109 464 194 398 273 493 188 559
1361 248 274 326 213 398 299 320 360
1360 329 88 518 238 285 498 97 348
1359 284 7 466 141 290 358 108 223
1358 279 24 492 194 369 366 156 197
1357 6 37 347 39 477 402 137 400
1356 91 36 579 23 579 513 91 525
1355 246 38 556 201 355 528 45 365
930 95 147 95 147 95 147 245 316
1354 275 143 582 116 521 430 214 457
931 70 243 183 167 237 269 124 345
1353 25 231 352 214 362 539 35 557
932 91 405 248 367 273 522 116 560
933 25 272 398 41 512 356 140 587
934 231 145 464 291 308 531 75 385
935 213 301 401 327 347 522 158 496
936 98 85 213 90 198 204 84 200
937 91 72 390 124 372 421 73 369
938 105 102 509 127 489 531 85 505
939 340 202 542 390 365 579 163 390
1374 235 12 517 252 294 521 12 280
1373 105 185 265 77 368 233 209 341
1372 113 180 372 33 486 278 227 425
1371 19 262 186 185 276 358 109 434
1370 281 96 517 222 416 445 180 318
1369 269 32 557 224 357 518 69 326
1368 258 135 414 101 465 261 309 296
1367 15 39 511 69 511 568 16 539
940 39 223 285 24 481 268 235 467
1366 19 98 136 60 186 181 69 218
941 200 216 496 142 554 433 259 507
1365 301 225 447 292 408 429 262 362
942 16 82 511 69 506 564 11 577
1364 253 135 568 180 549 496 234 450
943 87 255 194 341 118 437 11 350
944 393 332 516 386 489 502 366 448
945 321 454 420 408 455 501 356 547
946 188 25 566 49 542 427 164 403
947 28 329 194 338 241 510 75 501
948 264 364 448 188 592 341 408 517
949 66 170 308 46 467 304 224 427
1385 140 29 537 108 439 507 42 428
1384 167 81 529 174 418 538 57 446
1383 129 321 446 102 574 365 256 583
1382 80 209 80 209 80 209 369 501
1381 331 92 502 90 538 265 367 267
1380 97 161 338 68 459 319 217 413
1379 359 91 546 137 476 332 290 287
950 210 392 408 273 508 460 309 579
1378 118 120 585 30 557 487 90 577
951 152 353 370 325 445 554 227 582
1377 276 17 538 184 424 412 162 245
952 177 316 177 316 177 316 306 447
1376 452 353 561 419 492 530 384 463
953 191 137 469 149 449 426 171 415
1375 234 160 348 220 265 348 150 288
954 9 293 265 100 494 379 239 573
955 400 205 506 276 439 378 333 307
956 274 54 549 265 323 551 48 341
957 316 42 565 280 274 589 25 351
958 13 231 326 159 357 468 45 540
959 237 187 533 152 539 449 243 484
1396 338 151 555 266 395 505 179 390
1395 156 177 248 157 291 256 200 277
1394 367 356 529 317 553 473 391 512
1393 22 368 166 307 231 454 87 515
1392 47 330 320 143 444 381 170 568
1391 330 74 488 69 489 226 330 232
1390 293 230 441 331 355 472 207 370
960 204 441 305 431 344 538 242 547
961 99 9 238 16 231 155 91 148
1389 141 227 329 163 377 349 189 413
962 187 275 439 253 401 508 149 530
1388 213 89 562 238 401 593 52 445
963 83 142 452 137 473 507 105 512
1387 309 64 446 195 286 356 149 225
964 73 16 519 134 452 565 6 447
1386 23 80 476 33 534 486 82 533
965 244 59 567 181 421 512 98 390
966 69 29 214 31 205 175 61 173
967 31 61 291 99 291 359 31 321
968 154 12 434 142 320 419 40 288
969 50 303 290 127 447 354 207 530
970 224 56 544 213 407 524 88 367
971 353 16 581 231 398 431 170 216
972 157 350 320 312 362 477 199 515
973 95 91 537 27 591 469 149 534
1399 195 289 420 194 574 451 348 545
974 196 240 428 145 455 356 223 452
1398 298 270 414 290 355 420 239 399
975 192 137 560 122 591 494 222 509
1397 298 272 392 231 408 319 313 360
976 45 303 353 144 484 435 175 594
977 94 167 266 143 316 321 143 345
978 384 253 574 357 506 531 317 427
979 114 293 375 105 518 335 257 524
980 373 268 558 337 484 524 299 454
981 224 195 513 213 387 529 98 511
982 130 274 390 262 485 537 225 549
983 65 320 158 265 220 361 126 416
500 254 57 591 235 421 567 84 389
984 307 312 502 336 525 531 331 507
501 176 50 587 115 518 527 106 462
985 266 301 454 405 364 585 176 481
502 326 171 591 132 559 394 294 433
986 72 364 170 314 199 404 101 454
503 103 301 281 126 470 316 292 491
987 77 119 409 45 492 379 160 453
504 11 268 155 207 240 363 97 424
988 135 200 274 174 266 310 127 336
505 257 231 414 338 348 474 192 367
989 50 145 475 18 568 431 143 559
506 59 207 419 85 488 435 127 557
507 146 301 316 331 332 496 162 467
508 171 261 341 224 345 394 174 431
509 75 225 269 55 513 313 319 483
990 448 378 536 462 451 551 363 468
991 27 238 235 70 404 279 196 447
992 326 165 326 165 326 165 428 271
993 92 15 231 111 159 232 19 135
510 83 310 341 175 476 433 218 568
994 239 298 476 237 593 496 356 557
511 131 73 364 35 366 267 132 306
995 309 45 508 122 381 344 183 267
512 28 296 304 42 577 331 301 586
996 308 271 444 386 328 523 191 407
513 343 77 540 223 436 386 240 239
997 214 100 393 69 439 251 260 282
514 258 185 342 110 416 193 332 268
998 6 212 326 10 503 308 184 511
515 98 357 98 357 98 357 288 548
999 228 192 441 362 309 549 95 379
516 353 346 530 276 594 449 417 520
517 225 62 302 109 221 210 144 162
518 49 284 352 54 557 341 255 571
519 339 304 520 399 415 585 235 490
520 250 172 458 247 369 461 161 386
521 64 87 494 120 505 551 75 518
522 251 240 476 271 417 505 192 474
523 241 458 359 402 395 512 277 568
524 161 250 331 291 312 456 142 415
525 470 319 593 407 521 517 398 428
526 156 122 458 245 333 547 32 424
527 277 277 497 186 545 395 324 486
528 25 282 188 188 287 355 124 448
529 260 292 410 390 316 539 165 441
530 210 63 428 160 369 364 150 267
531 8 66 148 99 147 236 7 203
532 258 163 539 226 463 512 183 448
533 430 150 554 120 552 239 428 269
534 258 27 425 178 290 328 122 177
535 94 196 205 174 261 296 150 318
536 156 101 433 94 471 375 194 382
537 316 401 435 404 458 525 338 522
538 43 28 362 121 366 425 47 332
539 122 131 557 152 504 589 69 568
540 111 110 437 62 539 403 214 450
541 5 266 286 71 461 337 180 532
542 52 309 345 63 570 337 277 583
543 275 78 591 189 484 503 167 392
544 197 126 485 283 382 540 93 383
545 84 231 307 75 503 326 279 482
546 253 43 535 295 294 566 12 315
547 62 196 385 188 377 512 54 520
548 92 198 412 121 427 427 106 504
549 108 272 455 113 546 433 199 593
550 355 179 576 189 563 410 342 400
551 184 206 453 287 369 557 100 476
552 55 259 344 79 549 386 260 566
553 383 384 383 384 383 384 459 463
554 129 354 278 390 268 531 119 495
555 218 80 542 230 360 576 36 426
556 93 64 552 115 496 575 37 524
557 325 339 401 407 345 472 269 403
558 221 92 528 247 391 545 83 391
559 53 65 493 24 490 462 50 503
560 28 114 120 49 195 147 103 213
561 294 58 593 233 366 559 67 384
562 329 351 425 415 367 508 270 444
563 260 432 421 330 491 470 330 572
564 380 202 548 339 462 467 295 331
565 181 151 493 267 388 574 75 459
566 82 90 406 18 531 358 207 431
567 244 355 419 266 507 441 332 529
568 265 24 541 225 340 502 63 302
569 320 191 425 153 487 269 381 307
570 166 284 434 196 524 466 257 553
571 230 83 533 265 322 586 19 404
572 288 93 566 274 363 569 84 388
573 334 49 586 149 470 405 219 305
574 72 164 495 50 592 469 169 583
575 311 106 370 162 297 234 239 178
576 369 276 549 405 437 577 257 447
577 116 76 502 207 395 584 9 453
578 185 299 281 377 213 464 117 386
579 141 183 510 57 592 407 224 533
580 94 186 452 117 506 473 149 543
581 195 217 359 294 309 448 144 370
582 95 203 285 21 467 211 276 393
583 21 216 328 220 314 527 7 524
100 260 395 409 381 402 531 252 545
584 234 354 375 216 547 389 406 527
101 264 222 518 220 516 474 261 477
585 145 91 524 193 383 581 5 478
102 126 276 285 127 419 276 260 424
586 339 328 449 432 306 580 197 475
103 180 21 339 134 263 270 105 156
587 318 16 594 274 381 510 105 252
104 33 160 321 73 484 396 196 483
588 300 31 467 150 379 292 212 173
105 60 408 208 430 169 580 21 559
589 31 46 422 28 477 423 86 441
106 165 252 258 174 328 261 235 338
107 274 260 459 284 489 470 303 445
108 65 117 436 90 536 472 165 499
109 202 317 390 398 331 579 143 498
590 15 200 348 13 542 352 209 539
591 340 117 496 25 567 166 411 258
592 239 149 492 379 304 589 51 359
593 58 213 319 69 477 337 216 482
110 254 233 437 309 392 478 209 402
594 157 45 232 116 157 195 81 124
111 244 169 420 284 283 473 106 358
595 85 12 560 65 496 540 21 487
112 222 189 542 234 395 584 75 538
596 202 228 283 298 208 385 126 315
113 104 240 104 240 104 240 228 370
597 151 24 586 90 492 528 57 462
114 192 114 513 309 390 586 70 390
598 368 293 535 433 436 568 270 428
115 322 337 475 428 408 570 255 478
599 84 283 311 118 510 372 282 537
116 205 52 330 126 230 269 105 195
117 86 249 280 101 450 314 256 462
118 295 376 389 429 335 524 240 471
119 159 190 217 249 139 329 81 270
120 341 401 482 367 487 504 346 538
121 259 184 567 146 590 454 281 492
122 88 94 357 17 470 299 201 376
123 61 73 410 60 462 412 113 425
124 55 296 359 26 568 270 265 540
125 104 113 268 137 218 309 54 285
126 8 323 280 118 471 379 199 584
127 301 30 553 217 300 524 48 338
128 30 288 111 216 192 306 111 378
129 236 27 584 95 499 450 150 382
130 17 24 539 24 532 546 10 547
131 92 70 550 134 466 594 8 530
132 425 17 561 47 479 204 343 174
133 76 48 268 63 231 258 39 243
134 305 153 462 49 566 205 409 309
135 103 287 240 201 302 327 165 413
136 460 270 573 373 420 533 307 430
137 79 208 439 75 494 408 134 542
138 11 99 430 50 559 481 140 529
139 284 48 547 291 292 567 30 324
1809 111 20 354 12 296 259 53 268
140 42 358 180 316 201 448 63 490
141 388 111 472 66 523 152 439 197
142 292 41 500 202 293 447 86 286
143 299 69 482 180 310 404 127 293
1800 129 398 289 411 217 585 58 573
144 366 146 563 323 396 507 200 330
145 19 282 328 41 562 344 253 585
146 335 295 430 252 505 365 410 407
147 243 299 418 168 588 373 414 504
148 64 165 342 151 304 427 26 441
149 300 74 495 117 481 308 286 264
1808 395 16 584 31 572 220 383 205
1807 242 40 586 192 460 521 116 369
1806 106 112 451 125 463 469 117 455
1805 359 123 563 284 438 460 234 299
1804 249 270 379 345 308 472 178 397
1803 70 128 481 174 507 581 95 535
1802 236 116 493 281 335 533 77 368
1801 92 251 353 303 284 569 23 517
150 289 200 499 194 491 404 281 409
151 29 190 374 131 439 477 93 536
152 332 51 551 236 363 457 144 272
153 193 374 379 296 446 478 260 556
154 241 221 510 71 583 305 314 454
1811 158 14 584 65 560 493 134 441
155 43 254 346 102 487 401 185 553
1810 197 265 411 250 418 465 203 480
156 290 75 584 365 384 573 90 283
157 59 44 367 79 411 393 102 357
158 365 164 498 274 386 408 253 298
159 276 153 556 81 554 348 274 419
1819 93 45 544 11 477 465 26 499
1818 17 54 467 27 493 476 43 504
1817 177 312 309 277 363 414 231 449
1816 65 364 207 378 210 520 68 506
1815 42 182 420 58 571 443 192 567
1814 292 78 541 294 341 532 92 317
1813 6 422 114 334 200 440 92 528
1812 169 147 459 186 360 487 70 448
160 52 125 385 32 482 367 149 459
161 202 88 380 27 411 198 233 258
162 59 189 392 204 356 540 23 526
163 296 239 431 363 310 493 175 369
164 373 196 477 293 375 401 271 304
165 261 85 499 240 339 481 101 326
1822 64 229 307 128 390 363 147 464
166 256 230 453 222 423 418 226 426
1821 113 180 504 45 538 414 146 549
167 55 75 455 215 436 590 36 450
1820 169 301 389 217 495 450 275 534
168 338 124 432 52 528 165 434 237
169 272 95 516 305 257 585 13 374
1829 47 245 134 171 193 246 106 320
1828 222 80 539 107 442 436 125 409
1827 128 313 294 186 422 353 256 479
1826 122 192 455 133 510 465 177 524
1825 145 65 458 252 339 537 26 350
1824 349 133 479 47 537 159 407 245
1823 416 11 560 118 407 301 263 194
170 349 212 464 168 490 276 376 320
171 398 189 593 333 440 535 245 392
172 110 173 369 125 340 382 81 431
173 79 304 203 353 185 466 61 418
174 418 140 570 122 572 271 420 289
175 221 266 325 208 378 310 273 368
176 189 212 397 322 299 521 91 411
1833 256 272 532 293 589 574 313 553
177 59 47 447 19 449 409 62 437
1832 233 27 535 121 492 405 191 311
178 348 212 579 286 562 506 330 432
1831 59 251 180 146 264 253 143 357
179 255 18 445 170 263 386 73 234
1830 133 175 357 263 230 509 6 421
1839 117 120 267 20 370 171 220 272
1838 213 38 564 209 416 550 64 379
1837 320 229 484 213 472 379 308 396
1836 258 40 586 215 376 565 48 389
1835 44 283 44 283 44 283 317 573
1834 133 227 261 226 297 358 169 359
180 201 166 392 9 509 170 318 327
181 83 145 318 188 256 429 21 386
182 131 333 379 122 538 326 291 536
183 302 181 587 259 477 550 193 472
184 289 81 581 291 375 580 83 370
185 115 233 375 71 571 350 311 512
186 156 220 352 118 473 329 277 430
187 177 80 513 7 579 341 243 413
1844 348 48 424 84 373 167 296 131
188 10 297 279 71 534 362 265 587
1843 380 194 453 127 521 200 448 267
189 80 93 482 40 584 459 182 512
1842 189 226 358 85 457 226 288 367
1841 153 68 386 229 292 423 60 262
1840 376 209 562 310 430 512 245 411
1849 251 250 381 369 267 495 137 376
1848 349 333 420 270 512 366 440 429
1847 400 65 571 155 499 315 327 224
1846 24 201 319 10 535 328 240 519
1845 84 183 273 71 407 270 217 382
190 52 288 145 262 180 356 88 383
191 260 434 337 389 395 476 319 521
192 110 6 477 178 373 510 6 338
193 320 162 524 225 461 429 257 365
194 192 21 483 178 336 462 45 305
195 30 144 443 80 566 514 153 578
196 196 83 517 281 343 590 22 393
197 5 367 236 149 389 317 157 535
198 282 30 524 78 509 317 266 268
1855 361 55 580 148 460 380 241 286
199 102 111 456 25 587 388 232 474
1854 127 55 293 170 191 329 25 214
1853 211 12 505 99 471 386 177 299
1852 142 27 557 121 582 522 167 428
1851 44 244 298 24 509 271 256 491
1850 242 171 425 324 267 511 84 359
1859 163 312 291 398 239 505 111 419
1858 305 80 578 275 385 547 112 353
1857 49 282 387 41 579 337 241 578
1856 71 138 374 262 321 542 18 418
1866 282 408 418 307 549 469 413 570
1865 348 488 445 417 500 504 402 574
1864 28 65 428 47 488 453 88 471
1863 307 363 499 311 522 498 330 549
1862 273 68 562 282 426 520 138 306
1861 199 441 272 382 323 450 251 509
1860 66 128 221 31 286 168 130 265
1869 116 58 504 129 521 517 133 446
1868 87 259 316 34 485 216 256 441
1867 18 128 367 80 540 471 191 519
1880 131 164 499 30 546 381 179 515
1877 218 248 472 342 429 587 175 492
1876 259 338 436 179 586 347 409 506
1875 476 241 565 308 467 424 378 356
1874 298 16 548 214 266 537 16 339
1873 187 235 295 163 365 269 257 341
1872 134 19 233 84 149 195 50 130
1871 97 125 343 72 429 325 183 378
1870 273 174 409 119 493 267 357 322
1879 227 366 286 313 354 387 295 439
1878 13 341 144 290 195 421 64 473
1891 371 142 554 286 403 477 219 333
1890 198 64 373 203 214 399 39 260
1404 246 113 417 258 213 479 42 334
1888 110 170 320 249 235 461 24 382
1403 48 214 290 121 406 371 164 463
1887 201 299 275 370 197 451 124 380
1402 303 185 513 364 351 561 140 382
1886 323 262 558 341 488 573 253 493
1401 199 39 548 247 380 574 31 366
1885 257 160 389 109 466 250 334 301
1400 359 266 567 362 455 575 247 479
1884 257 244 534 266 525 543 248 521
1883 130 96 414 60 389 346 105 381
1882 425 214 504 158 580 251 501 307
1881 263 141 350 211 283 296 196 226
1409 323 265 441 191 531 322 412 396
1408 95 169 283 124 269 307 81 351
1407 404 326 505 372 492 462 391 416
1406 152 279 404 185 464 422 211 516
1405 242 11 544 267 307 548 5 292
1889 158 91 505 28 490 364 143 427
1415 62 246 62 246 62 246 273 469
1899 171 116 429 20 513 276 255 372
1414 186 70 547 155 373 543 12 457
1898 174 165 449 277 322 556 47 445
1413 234 307 479 253 530 498 285 552
1897 240 150 436 179 390 375 194 347
1412 48 169 381 26 554 373 222 516
1896 383 440 507 429 560 563 436 574
1411 127 311 362 111 537 329 303 529
1895 267 113 445 282 277 459 99 291
1410 253 396 351 341 410 441 312 496
1894 200 131 524 161 443 494 120 465
1893 247 27 568 147 366 513 45 392
1892 250 148 349 201 287 304 188 252
1419 183 210 354 99 462 268 291 378
1418 130 341 361 184 469 384 238 540
1417 18 321 266 154 474 425 226 592
1416 153 187 358 110 479 332 273 409
1426 260 16 565 224 336 547 31 339
1425 142 286 381 348 375 583 137 520
1424 76 257 314 47 504 271 266 481
1423 302 17 581 47 527 333 248 303
1422 102 114 470 20 563 387 194 481
1421 256 192 440 373 251 566 66 385
1420 42 293 260 303 259 521 41 511
1429 24 279 316 98 462 372 170 554
1428 201 12 566 129 402 510 37 393
1427 408 235 571 384 395 572 232 423
1440 71 290 268 118 470 338 273 510
1437 123 14 557 46 521 481 87 449
1436 325 87 577 223 452 468 201 331
1435 242 82 539 124 539 423 241 381
1434 288 172 375 227 320 314 233 259
1433 403 316 532 369 474 499 346 446
1432 188 133 406 289 254 503 36 346
1431 306 70 585 267 409 533 130 336
1430 412 202 532 213 547 333 428 322
1439 108 34 507 89 491 490 91 435
1438 76 258 186 164 329 317 218 411
1451 156 362 279 296 351 423 227 489
1450 165 19 551 99 582 472 197 393
1448 275 322 476 249 556 453 355 526
1447 289 6 553 191 378 446 115 261
1446 131 72 484 288 367 590 14 374
1445 212 262 342 211 368 335 239 385
1444 212 216 376 271 374 425 210 369
1443 242 162 444 86 506 281 303 357
1442 350 160 562 361 388 550 176 348
1441 351 81 560 166 456 381 248 297
1449 209 55 292 133 218 213 135 135
